ExternalId,DocumentId,Segment ID,Name,Usage,Length,Start At,Description
1,8,1,SOURCE,M,20,4,
2,8,1,STANDARD,M,1,24,
3,8,1,VERSION,M,12,25,
4,8,1,TYPEDOCUMENT,M,6,37,
5,8,1,MODE,M,1,43,
6,8,2,CODESTATUTCOMMANDE,M,1,20,
7,8,2,NUMEROCOMMANDEDEPOT,M,22,21,
8,8,2,NUMEROPO,C,22,43,
9,8,2,METHODEPAIEMENT,C,2,65,
10,8,2,CODEMETHODETRANSPORT,C,2,67,
11,8,2,TRANSPORTEUR,C,35,69,
12,8,2,NUMEROSEQUENCELIEN,C,6,104,
13,8,2,NUMEROREFERENCEMAITRE,C,22,110,
14,8,2,CODEDESCRIPTIONEQUIPEMENT,C,2,132,
15,8,2,CODEOPTIONCHARGEMENT,C,2,134,
16,8,2,TYPECODEFOB,C,2,136,
17,8,2,CODESCAC,C,4,138,
18,8,2,CODEMANUTSPEC,C,3,142,
19,8,2,CODETYPETRANSACTION,C,2,145,
20,8,2,CODEACTION,C,2,147,
21,8,2,POTYPECODE,C,2,149,
22,8,3,TYPEREFERENCE,M,3,20,
23,8,3,REFERENCE,M,30,23,
24,8,3,DESCRIPTION,O,80,53,
25,8,4,TYPEDATE,M,3,20,
26,8,4,DATE,M,8,23,
27,8,4,HEURE,O,6,31,
28,8,5,MESSAGES,C,60,20,
29,8,5,TYPEMESSAGE,O,3,80,
30,8,6,TYPEMESSAGE,O,3,20,
31,8,6,MESSAGES,C,512,23,
32,8,7,SHIPMENTMETHODPAYMENT,M,2,20,
33,8,7,TRANSPORTTYPECODE,M,2,22,
34,8,7,PALLETEXCODE,O,1,24,
35,8,7,UNITLOADOPCODE,O,2,25,
36,8,7,ROUTING,O,35,27,
37,8,7,FOBPOINTCODE,O,2,62,
38,8,7,FOBPOINT,O,30,64,
39,8,7,CODMETHODPAYMENTCODE,O,1,94,
40,8,7,AMOUNT,O,15,95,
41,8,7,SCAC,O,4,110,
42,8,8,QTETOTALCOMMANDEE,C,15,20,
43,8,8,POIDSTOTALCOMMANDEE,C,10,35,
44,8,8,TYPEUOFM,C,2,45,
45,8,9,TYPENOM,C,3,20,
46,8,9,NOM,C,60,23,
47,8,9,TYPECODEIDNOM,C,3,83,
48,8,9,CODEIDNOM,C,50,86,
49,8,10,NOM,C,60,20,
50,8,11,ADRESSE,C,55,20,
51,8,12,VILLE,C,30,20,
52,8,12,ETATPROVINCE,C,2,50,
53,8,12,CODEPOSTAL,C,15,52,
54,8,12,CODEPAYS,C,3,67,
55,8,12,DESCRIPTIONPAYS,C,25,70,
56,8,12,COUNTRYSUBCODE,C,3,95,
57,8,13,CONTACTFONCCODE,M,2,20,
58,8,13,NOMCONTACT,M,60,22,
59,8,14,NOCOMQUAL,M,2,20,
60,8,14,NOCOMMUNICATION,M,80,22,
61,8,15,CONTACTFONCCODE,M,2,20,
62,8,15,NOMCONTACT,M,60,22,
63,8,16,NOCOMQUAL,M,2,20,
64,8,16,NOCOMMUNICATION,M,80,22,
65,8,17,NUMEROSEQUENTIEL,C,6,20,
66,8,18,QUANTITECOMMANDEE,C,15,20,
67,8,18,UOFM,C,2,35,
68,8,18,POIDSCOMMANDE,C,10,37,
69,8,18,POIDSQUAL,C,2,47,
70,8,18,IDMONTANT,C,3,49,
71,8,18,MONTANT,C,18,52,
72,8,18,METHODEPAIEMENT,C,2,70,
73,8,18,CODEMETHODETRANSPORT,C,2,72,
74,8,18,CODEECHANGEPALETTE,C,1,74,
75,8,18,CODEOPTIONCHARGEMENT,C,2,75,
76,8,18,TRANSPORTEUR,C,35,77,
77,8,18,CODEPOINTFOB,C,2,112,
78,8,18,POINTFOB,C,30,114,
79,8,18,POIDSUNITCODE,C,1,144,
80,8,18,POIDSUNITE,C,8,145,
81,8,19,TYPEMESSAGE,O,3,20,
82,8,19,MESSAGES,C,512,23,
83,8,20,PACK,O,6,20,
84,8,20,SIZE,O,8,26,
85,8,20,UOFM_SIZE,C,2,34,
86,8,21,AMOUNTID,M,3,20,
87,8,21,AMOUNT,M,18,23,
88,8,22,TYPEDATE,M,3,20,
89,8,22,DATE,M,8,23,
90,8,22,HEURE,O,6,31,
91,8,23,TYPECODEPRODUIT,M,2,20,
92,8,23,CODEPRODUIT,M,48,22,
93,8,24,DESCRIPTIONLIBRE,C,45,20,
94,8,25,TYPEREFERENCE,M,3,20,
95,8,25,REFERENCE,M,30,23,
96,8,25,DESCRIPTION,O,80,53,
97,8,26,MAGASIN,C,80,20,
98,8,26,TYPE_CODE_MAGASIN,C,2,100,
99,8,26,QTE_DESTINATION,C,15,102,
100,8,26,UOFM_DESTINATION,C,2,117,
101,8,27,TYPENOM,C,3,20,
102,8,27,NOM,C,60,23,
103,8,27,TYPECODEIDNOM,C,3,83,
104,8,27,CODEIDNOM,C,50,86,
105,8,28,NOM,C,60,20,
106,8,29,ADRESSE,C,55,20,
107,8,30,VILLE,C,30,20,
108,8,30,ETATPROVINCE,C,2,50,
109,8,30,CODEPOSTAL,C,15,52,
110,8,30,CODEPAYS,C,3,67,
111,8,30,DESCRIPTIONPAYS,C,25,70,
112,8,30,COUNTRYSUBCODE,C,3,95,
113,8,31,CODERELATION,C,1,20,
114,8,31,QTETOTALE,C,15,21,
115,8,31,UOFM,C,2,36,
116,8,32,TYPECODEPRODUIT,C,2,20,
117,8,32,CODEPRODUIT,C,48,22,
118,8,33,CODECARACTERISTIQUE,O,3,20,
119,8,33,CODEDESCRIPTIONPRODUIT,C,12,23,
120,8,33,DESCRIPTIONITEM,C,80,35,
121,8,34,TYPEDATE,M,3,20,
122,8,34,DATE,M,8,23,
123,8,34,HEURE,O,6,31,
